0.30922 0.30051 0.33545 0.39180 0.34282 0.34553 0.34000 0.14329 0.03608 0.03624 0.07467 0.05506 0.06941 0.05106 0.04843 0.03647 0.05435 0.04141 0.06753 0.00341 0.00910 0.02384 0.01341 0.43639 0.44859 0.10271 0.06408 0.19106 0.18698 0.34871 0.38133 0.87427 0.24847 0.09239 0.01953 0.00816 0.02471 0.00863 0.07765 0.10275 0.06212 0.03733 0.04435 0.05765 0.05145 0.09467 0.09035 0.08871 0.07620 0.07835 0.11200 0.25835 0.43059 0.49608 0.54024 0.32353 0.36400 0.38541 0.51722 0.37800 0.48282 0.51239 
0.26824 0.32784 0.39788 0.35200 0.37882 0.49451 0.42443 0.11200 0.04012 0.07188 0.11200 0.08078 0.08784 0.05867 0.06529 0.06412 0.07647 0.04659 0.05557 0.00388 0.00894 0.04129 0.01376 0.35890 0.63318 0.09459 0.05435 0.13078 0.11145 0.29365 0.70776 0.58580 0.18651 0.07373 0.00933 0.00667 0.02886 0.00298 0.04941 0.04227 0.05208 0.06294 0.07059 0.09212 0.11063 0.19024 0.11259 0.19455 0.27106 0.16400 0.19765 0.51753 0.28627 0.60392 0.27671 0.47835 0.44973 0.40918 0.39345 0.58306 0.43871 0.28612 
0.26682 0.19969 0.21000 0.44431 0.22588 0.53118 0.35988 0.03859 0.03722 0.05773 0.09741 0.06816 0.04165 0.05439 0.09467 0.03867 0.05333 0.05176 0.04486 0.00369 0.00800 0.03388 0.00847 0.21208 0.40549 0.03635 0.01192 0.05812 0.08208 0.18600 0.58988 0.66471 0.38024 0.07059 0.00980 0.00808 0.04894 0.00459 0.02082 0.03953 0.09718 0.10733 0.07835 0.24471 0.22588 0.19208 0.27475 0.22510 0.36863 0.32529 0.35373 0.41412 0.41753 0.54024 0.47447 0.37333 0.31812 0.59443 1.00000 0.75388 0.53620 0.26145 
0.20090 0.19671 0.27106 0.29373 0.45945 0.24706 0.39255 0.07824 0.04196 0.07278 0.03725 0.05412 0.05459 0.01941 0.05647 0.06424 0.04486 0.08200 0.09314 0.00204 0.02635 0.00549 0.02667 0.45706 0.24980 0.02329 0.01482 0.05804 0.11078 0.13494 0.44894 0.55725 0.40722 0.14306 0.11294 0.02004 0.05655 0.08067 0.04518 0.08118 0.17569 0.10039 0.25929 0.19216 0.22933 0.25682 0.39812 0.28467 0.49000 0.58494 0.41647 0.45549 0.51600 0.59416 0.50059 0.50573 0.80471 0.75765 0.79498 0.39043 0.43765 0.16412 
0.13271 0.23341 0.27341 0.45722 0.36894 0.21176 0.33647 0.13427 0.05047 0.05118 0.03765 0.05506 0.06094 0.09035 0.08549 0.07937 0.05929 0.07200 0.04871 0.00941 0.01259 0.00886 0.09388 0.38306 0.23090 0.01506 0.09443 0.28192 0.06667 0.14137 0.50714 0.59529 0.35373 0.06259 0.08376 0.18400 0.15051 0.21906 0.15702 0.19106 0.36333 0.23725 0.45424 0.44824 0.39757 0.46118 0.31467 0.42882 0.41757 0.53059 0.42984 0.39212 0.37098 0.22412 1.00000 0.81098 0.88988 0.76871 0.36867 0.28643 0.25020 0.04000 
0.29282 0.40325 0.48141 0.55067 0.46451 0.12706 0.30996 0.20369 0.08471 0.07078 0.06533 0.06400 0.10353 0.06745 0.07867 0.06588 0.07600 0.04180 0.06212 0.01553 0.00698 0.01129 0.13871 0.37278 0.21667 0.08824 0.27059 0.53333 0.16267 0.09745 0.32941 0.36784 0.30478 0.01588 0.20133 0.34275 0.35482 0.25702 0.49933 0.51827 0.32486 0.35918 0.21565 0.49129 0.45529 0.40518 0.41835 0.55129 0.35294 0.50471 0.57600 0.39561 0.50871 0.96988 1.00000 1.00000 0.47169 0.54541 0.21616 0.14988 0.08627 0.01333 
0.34525 0.46667 0.51404 0.78439 0.52353 0.31047 0.33545 0.18129 0.10294 0.06333 0.07059 0.04733 0.08718 0.05804 0.06918 0.06733 0.06529 0.03318 0.09388 0.06212 0.01153 0.01871 0.12471 0.30776 0.30216 0.16667 0.43976 0.92686 0.24000 0.10792 0.36882 0.62533 0.20200 0.01745 0.07216 0.30306 0.59569 0.25412 0.70510 0.36141 0.64235 0.51886 0.41624 0.41396 0.43482 0.51114 0.49188 0.75176 0.41012 0.63110 0.58271 0.86800 0.93804 0.61231 0.55953 0.96439 0.41600 0.18118 0.08976 0.04894 0.01627 0.03459 
0.33820 0.34282 0.31373 0.47816 0.70518 0.48227 0.31118 0.45953 0.22427 0.04141 0.06525 0.06588 0.08867 0.12282 0.06753 0.12176 0.05365 0.06424 0.06400 0.06600 0.00965 0.01459 0.11792 0.19400 0.13067 0.06306 0.29929 0.34941 0.14376 0.10196 0.27976 0.39804 0.28235 0.03824 0.01447 0.10690 0.40325 0.58561 0.57357 0.71765 0.55996 0.49584 0.32063 0.31004 0.41961 0.44604 0.54529 0.44471 0.61788 0.53000 0.84067 1.00000 1.00000 0.97459 0.93471 1.00000 0.33176 0.13176 0.08867 0.03647 0.01843 0.04824 
0.37188 0.39812 0.65412 0.58612 0.72953 0.87012 0.54741 0.35404 0.23910 0.08533 0.08467 0.07898 0.06494 0.07576 0.07373 0.09004 0.04376 0.05898 0.03169 0.02165 0.00612 0.00659 0.14824 0.16212 0.01725 0.02071 0.03071 0.02078 0.08569 0.10212 0.23945 0.66024 0.29945 0.19765 0.04835 0.00753 0.16400 0.14612 0.23024 0.44592 0.49608 0.49467 0.48706 0.26157 0.35000 0.37929 0.57506 0.36455 0.62686 0.73106 1.00000 0.79718 1.00000 0.68824 0.60000 0.35075 0.40486 0.14831 0.03235 0.06525 0.03467 0.04357 
0.29859 0.28055 0.62588 0.42043 0.64224 0.52667 0.47965 0.47718 0.34235 0.09831 0.11569 0.07988 0.05435 0.08847 0.04333 0.07329 0.04129 0.06988 0.02294 0.01600 0.02078 0.02824 0.13467 0.22055 0.04227 0.02188 0.00333 0.00404 0.05863 0.11569 0.22227 0.41725 0.23435 0.17741 0.10808 0.00620 0.01631 0.03137 0.17741 0.24502 0.61333 0.42769 0.53216 0.42541 0.46341 0.56776 0.58667 0.64141 1.00000 0.76212 0.67847 1.00000 1.00000 1.00000 0.44667 0.19576 0.16471 0.07600 0.04392 0.03843 0.08667 0.07412 
0.45349 0.36894 0.45153 0.66918 0.46024 0.42753 0.48094 0.42792 0.41725 0.08894 0.08478 0.08000 0.04745 0.11373 0.05529 0.10392 0.05176 0.08282 0.04094 0.05353 0.09506 0.07851 0.16565 0.19224 0.04745 0.05737 0.00498 0.02663 0.01549 0.10180 0.14533 0.34824 0.30353 0.21153 0.20329 0.05929 0.01631 0.01224 0.06882 0.02039 0.13988 0.24800 0.17129 0.22675 0.22369 0.35165 0.36275 1.00000 0.79667 1.00000 0.72494 0.80365 1.00000 1.00000 0.19208 0.13929 0.08965 0.08565 0.10525 0.02047 0.03804 0.08478 
0.34996 0.36125 0.41463 0.54765 0.55071 0.61176 0.42447 0.43294 0.16686 0.12647 0.08369 0.04078 0.04988 0.13882 0.06776 0.08894 0.09016 0.05655 0.06282 0.04184 0.07847 0.20910 0.14533 0.15235 0.13451 0.03435 0.00000 0.01004 0.08886 0.01459 0.10824 0.14682 0.35027 0.27961 0.44973 0.06855 0.08361 0.09118 0.06133 0.03765 0.01353 0.11765 0.05455 0.01035 0.04282 0.49765 0.59365 0.98400 0.82941 0.92635 0.57773 0.95192 1.00000 0.19663 0.08047 0.18031 0.04518 0.03518 0.02333 0.01306 0.03624 0.09976 
0.37161 0.30871 0.45239 0.72902 0.59294 0.59200 0.36506 0.22486 0.11569 0.12824 0.15090 0.05557 0.14275 0.01271 0.11184 0.05882 0.09725 0.05000 0.08800 0.04647 0.10686 0.18651 0.10941 0.14808 0.10455 0.05600 0.02682 0.05867 0.02910 0.11922 0.16776 0.43537 0.49933 0.27600 0.34616 0.04769 0.03710 0.09035 0.07153 0.03686 0.02494 0.00596 0.03020 0.01271 0.01412 0.52157 0.88392 1.00000 1.00000 0.95749 1.00000 0.62451 0.99890 0.10667 0.09239 0.06933 0.03859 0.03890 0.02494 0.03651 0.05106 0.08471 
0.35259 0.41212 0.32188 0.41337 0.48659 0.46816 0.39490 0.13765 0.06816 0.11576 0.11714 0.15200 0.07600 0.03349 0.05267 0.12843 0.08800 0.07200 0.07796 0.09663 0.10910 0.16831 0.11576 0.11078 0.05188 0.03753 0.12388 0.02929 0.03671 0.11827 0.11435 0.30361 0.40471 0.39529 0.37059 0.20518 0.06600 0.04247 0.11059 0.06510 0.14133 0.00824 0.09035 0.00957 0.54220 1.00000 0.82353 0.96251 1.00000 0.75792 0.97231 1.00000 0.13737 0.06651 0.03529 0.01365 0.01271 0.02388 0.03624 0.06016 0.06776 0.05694 
0.24071 0.34510 0.47353 0.36235 0.54129 0.57275 0.51976 0.15596 0.07137 0.12518 0.10906 0.14220 0.05392 0.10322 0.03706 0.09110 0.11216 0.09306 0.12133 0.11541 0.10165 0.15012 0.09314 0.07494 0.07937 0.04435 0.07988 0.10953 0.05522 0.10910 0.07624 0.11600 0.06035 0.12471 0.16243 0.19663 0.18118 0.11153 0.10455 0.06149 0.08400 0.07153 0.43745 1.00000 0.88392 1.00000 0.70294 1.00000 0.73318 1.00000 1.00000 0.66071 0.01192 0.04612 0.04353 0.06667 0.05137 0.04933 0.09490 0.09141 0.10133 0.10612 
0.19373 0.26255 0.35545 0.44063 0.69067 0.55518 0.29647 0.17412 0.12059 0.04055 0.18424 0.07294 0.07824 0.10353 0.11216 0.10882 0.15373 0.11906 0.14800 0.11792 0.10910 0.11749 0.07133 0.07576 0.07525 0.08259 0.03075 0.22008 0.08529 0.21910 0.09114 0.06118 0.38667 0.55451 0.47969 0.59788 0.46588 0.38243 0.73271 0.94706 0.90075 0.96090 1.00000 0.96176 0.79420 0.71765 1.00000 0.92525 0.90702 0.85161 0.84000 0.35718 0.20404 0.02306 0.13835 0.04353 0.05106 0.08482 0.11176 0.08196 0.09255 0.07937 
0.15529 0.16659 0.22000 0.21282 0.29506 0.27176 0.23024 0.07941 0.06776 0.04486 0.21020 0.12047 0.14102 0.14792 0.11129 0.13341 0.08118 0.06071 0.14753 0.07165 0.08094 0.10694 0.06035 0.06247 0.10914 0.09569 0.08157 0.09882 0.21812 0.07608 0.26255 0.19482 0.46557 0.27176 0.35000 0.30196 0.65827 0.53620 0.45741 0.68157 0.71157 0.87200 1.00000 1.00000 0.84463 0.58118 1.00000 0.93200 0.74776 1.00000 0.87306 0.03890 0.09290 0.03169 0.16263 0.04882 0.05059 0.08000 0.08929 0.08549 0.05255 0.09216 
0.10322 0.11129 0.08125 0.16882 0.14494 0.09286 0.12624 0.08314 0.07255 0.12424 0.21412 0.38898 0.22212 0.22447 0.12549 0.16635 0.04078 0.04180 0.11114 0.09035 0.07333 0.06808 0.11961 0.18196 0.08627 0.05737 0.18353 0.10792 0.21459 0.19294 0.39075 0.47529 0.84765 0.44494 0.70318 0.36784 0.67200 0.55984 0.84376 0.61412 0.80894 0.60863 1.00000 0.56706 0.99765 1.00000 0.58608 0.87718 1.00000 0.68235 0.20518 0.14216 0.12847 0.12816 0.05267 0.14400 0.08188 0.08455 0.06871 0.08929 0.11765 0.09667 
0.17733 0.10463 0.09020 0.06627 0.07922 0.07800 0.07847 0.06322 0.12769 0.17286 0.27765 0.48941 0.43965 0.10667 0.23694 0.09016 0.05176 0.02573 0.06824 0.10129 0.06176 0.09059 0.13761 0.23200 0.09314 0.06094 0.08569 0.18498 0.30494 0.64675 0.54353 0.81529 0.59333 0.28345 0.55055 0.46855 0.41176 0.50667 0.58667 0.61490 0.61078 1.00000 0.71373 1.00000 1.00000 1.00000 0.92286 0.86227 0.79020 0.65008 0.08400 0.12984 0.12600 0.12824 0.11827 0.11145 0.12255 0.07733 0.10235 0.13396 0.14102 0.13553 
0.09788 0.08478 0.07537 0.11275 0.09882 0.07675 0.08376 0.10824 0.15525 0.18898 0.13169 0.15906 0.29741 0.20094 0.18635 0.04529 0.08706 0.03624 0.06012 0.09749 0.07082 0.17667 0.15600 0.20459 0.20369 0.19953 0.09584 0.37624 0.32373 0.58235 0.47647 0.82180 0.39035 0.76353 0.44863 0.36125 0.58227 0.58118 0.71471 0.53886 0.63671 0.64482 0.77412 1.00000 0.73075 0.96635 0.78361 0.28612 0.16565 0.28988 0.33000 0.04282 0.14549 0.10322 0.06118 0.09145 0.11216 0.07647 0.06424 0.08871 0.04831 0.12298 
0.11310 0.05208 0.13871 0.15467 0.08847 0.04392 0.06275 0.13024 0.14502 0.29690 0.28549 0.15435 0.21000 0.24847 0.16047 0.11173 0.14431 0.24510 0.12400 0.35208 0.23725 0.24176 0.20965 0.18031 0.22086 0.09318 0.72600 0.56643 0.73914 0.53600 0.50698 0.60863 0.57004 0.69106 0.81125 0.40702 0.31471 0.49157 0.41333 0.61125 0.62431 0.76012 0.56878 0.69945 0.66722 0.31176 0.17471 0.23941 0.18329 0.65686 0.06408 0.16306 0.11541 0.06557 0.29953 0.10525 0.08824 0.12255 0.09176 0.08871 0.09847 0.12847 
0.08282 0.10118 0.13733 0.28235 0.27094 0.10694 0.09231 0.13835 0.17741 0.38847 0.38706 0.25702 0.09278 0.18847 0.49694 0.33341 0.30271 0.22008 0.26075 0.13235 0.08565 0.37333 0.25451 0.23333 0.65118 0.42984 0.66259 0.69647 0.59188 0.61427 0.39443 0.86855 0.93576 0.80380 0.48565 0.53922 0.65710 0.39553 0.53318 0.49914 0.60706 0.80565 0.72443 0.99694 0.99153 0.72878 0.85647 0.17263 0.44675 0.05141 0.22349 0.15353 0.08333 0.12682 0.17843 0.16396 0.07647 0.11200 0.09584 0.08157 0.11435 0.10761 
0.11718 0.11827 0.27318 0.42573 0.42110 0.26792 0.10706 0.09000 0.24675 0.43373 0.28812 0.16031 0.05569 0.12643 0.29165 0.27671 0.25388 0.13188 0.25286 0.28902 0.20576 0.24212 0.28212 0.35765 0.52729 0.51608 0.72651 0.68851 0.83447 0.97275 0.72784 0.70851 0.76094 0.56859 0.61482 0.34729 0.44965 0.63235 0.60957 0.76471 0.94404 0.64376 0.85647 0.94776 0.75318 0.85239 0.93612 0.75188 0.09847 0.15200 0.08153 0.13349 0.21247 0.32373 0.14682 0.12478 0.09106 0.11114 0.13341 0.06933 0.11965 0.10906 
0.12078 0.16000 0.18980 0.45322 0.46576 0.33000 0.32020 0.15753 0.16047 0.19482 0.26259 0.14655 0.09847 0.05710 0.17192 0.29506 0.25882 0.28384 0.55059 0.23824 0.14659 0.23278 0.42157 0.40918 0.90667 0.36212 0.53647 0.84047 0.52867 0.49443 1.00000 0.86047 0.61333 0.54714 0.28447 0.43812 0.48125 0.47753 0.46333 0.49176 0.90541 0.59118 0.67294 0.95275 0.80094 0.91549 0.52000 0.73851 0.72000 0.59596 0.94518 0.94620 0.71235 0.19588 0.33129 0.22400 0.08753 0.10706 0.08529 0.11541 0.09890 0.12439 
0.15114 0.17365 0.19537 0.40157 0.55647 0.46769 0.62196 0.34333 0.22612 0.27176 0.14071 0.13929 0.12596 0.06184 0.06835 0.18098 0.12800 0.32333 0.84467 0.40847 0.25333 0.44267 0.46902 0.24533 0.54965 0.71753 0.65224 0.66024 0.58353 0.63686 0.57749 0.47200 0.69459 0.45725 0.48424 0.38333 0.64188 0.58847 0.92906 0.47882 0.81600 0.93553 0.63200 0.83200 0.79200 0.55725 0.79169 0.39035 0.39176 0.82353 0.56294 0.62247 0.82306 0.83859 0.18965 0.18176 0.16235 0.18400 0.09412 0.12851 0.10376 0.12133 
0.20600 0.11365 0.12612 0.28682 0.43647 0.65961 0.75980 0.54871 0.43200 0.35247 0.13255 0.11200 0.14008 0.09114 0.21106 0.27608 0.34588 0.30282 0.60482 0.52706 0.82306 0.52094 0.49427 0.29310 0.51612 0.45843 0.65435 0.76094 0.69667 0.92745 0.84208 0.83812 0.28471 0.38800 0.40400 0.35137 0.40588 0.43976 0.81529 0.74510 0.79255 1.00000 0.63482 0.84706 0.89392 0.88008 1.00000 0.85235 0.58471 0.36235 0.44706 0.76961 0.48753 0.77741 0.54929 0.64553 0.16235 0.14988 0.16196 0.17412 0.10871 0.14188 
0.23137 0.18008 0.15275 0.29663 0.44886 0.30624 0.41153 0.30384 0.51114 0.52714 0.22855 0.15600 0.07533 0.12843 0.26604 0.26333 0.30871 0.38431 0.66075 0.42965 0.45067 0.82573 0.36800 0.34400 0.55141 0.48141 0.46506 0.57827 0.79224 0.84831 0.93094 0.55518 0.40235 0.57647 0.33820 0.49682 0.40835 0.49522 1.00000 0.96635 0.90882 0.97271 0.91600 1.00000 0.56333 0.75882 0.82071 0.52000 0.58400 0.48000 0.70659 0.40518 0.42322 0.53286 0.66322 0.58808 0.24659 0.17471 0.18427 0.09035 0.13067 0.11118 
0.19200 0.11000 0.15247 0.22443 0.39918 0.38047 0.52235 0.29365 0.52714 0.45310 0.25867 0.07624 0.17875 0.43827 0.42000 0.28588 0.36235 0.70894 0.72059 0.84494 0.49396 0.81216 0.31929 0.33129 0.50212 0.49239 0.64941 0.96471 0.89514 0.53824 0.33631 0.50039 0.45035 0.53118 0.33188 0.50235 0.60737 0.60706 0.56000 0.57804 0.99624 0.97012 1.00000 1.00000 0.91796 1.00000 0.69149 0.91847 0.74333 0.59600 0.49027 0.54957 0.57024 0.64275 0.65471 0.57827 0.88471 0.11906 0.18290 0.07733 0.18322 0.17678 
0.16420 0.23859 0.12988 0.17325 0.29765 0.36165 0.48565 0.26875 0.33341 0.32224 0.42392 0.35686 0.09412 0.20565 0.49176 0.23910 0.34235 0.40800 0.27176 1.00000 0.43941 0.64286 0.51200 0.60235 0.52667 0.93867 0.73004 0.70408 0.53318 0.56278 0.49933 0.42400 0.47718 0.28447 0.25224 0.54094 0.68471 0.84016 0.76753 0.74227 0.68612 0.89373 0.67337 0.79576 0.92988 0.70945 1.00000 0.77863 0.83176 0.40196 0.65839 0.68133 0.64400 0.48314 0.48804 0.50808 0.65749 0.25357 0.15529 0.15467 0.11671 0.12812 
0.11420 0.22675 0.20369 0.18553 0.29208 0.25725 0.38435 0.25247 0.37200 0.35051 0.24400 0.34698 0.27533 0.25804 0.24667 0.25286 0.28329 0.56153 0.80192 0.78337 0.60776 0.76953 0.81216 0.52094 0.69882 0.61043 0.88667 0.75200 0.41929 0.37969 0.53118 0.37200 0.14902 0.37161 0.25694 0.67953 0.68800 0.97639 1.00000 0.72596 0.82059 1.00000 0.84824 0.69333 1.00000 0.91475 0.83471 0.82545 1.00000 1.00000 0.62753 0.57165 0.59443 0.51306 0.59859 0.39859 0.61584 0.51298 0.15435 0.10729 0.08361 0.17600 
0.16941 0.26102 0.28165 0.33824 0.36125 0.44129 0.35251 0.38212 0.28659 0.17749 0.24878 0.10761 0.45541 0.23529 0.32353 0.29208 0.29310 0.90400 0.73514 0.53247 0.48059 0.92094 0.76953 0.81035 0.49773 0.77659 0.73992 0.67600 0.43231 0.54286 0.41506 0.39341 0.35376 0.40765 0.50973 0.75671 0.71835 0.96251 0.83012 0.94294 0.69455 0.90204 0.99490 0.94431 0.90400 1.00000 0.85200 0.87294 0.62729 0.69961 0.59118 0.50647 0.53035 0.53224 0.37067 0.74635 0.42620 0.77294 0.16188 0.17471 0.09635 0.17067 
0.36000 0.23831 0.31341 0.41412 0.29098 0.40376 0.38659 0.31404 0.35949 0.28659 0.29486 0.42275 0.28376 0.74133 0.91412 0.51294 0.45718 0.83200 0.86345 0.74333 0.57224 0.68718 0.78149 0.63824 0.44478 0.39561 0.53290 0.37773 0.46902 0.34827 0.42541 0.30353 0.34902 0.44431 0.46035 0.74765 1.00000 0.71812 0.90204 0.68824 0.70400 0.80843 0.31529 0.87529 0.77631 0.89725 1.00000 0.88518 0.94541 0.74541 0.97122 0.70824 0.51094 0.60235 0.69725 0.42824 0.43992 0.82965 0.16600 0.16333 0.08188 0.10737 
0.32212 0.28682 0.27573 0.49129 0.51498 0.31059 0.33051 0.32714 0.25882 0.23247 0.21012 0.18659 0.41569 0.96196 0.58580 0.73882 0.60957 0.65067 1.00000 1.00000 0.95749 0.64447 0.77490 0.68341 0.55286 0.18431 0.65031 0.26824 0.42322 0.53459 0.48588 0.47447 0.30576 0.49114 0.80435 0.89718 0.93608 0.81529 0.80294 0.75200 0.91824 0.53208 0.75514 0.34247 0.54286 0.73576 0.95765 0.71145 0.43537 0.86275 0.71549 0.59400 0.89235 0.26376 0.75145 0.43518 0.47314 0.62800 0.14824 0.12333 0.09114 0.18635 
0.25094 0.28384 0.35949 0.25631 0.31702 0.29667 0.55059 0.40235 0.36106 0.20447 0.68161 0.76267 0.55882 0.84047 1.00000 0.55953 0.33553 0.71882 0.93773 0.99294 0.68545 0.79576 0.61200 0.36996 0.49259 0.30431 0.22024 0.37616 0.43965 0.55059 0.33918 0.43000 0.44980 0.85161 0.94863 0.90753 0.89765 0.83969 1.00000 0.86882 0.85600 0.88196 0.47118 0.40235 0.42776 0.53200 0.48718 0.57867 0.32784 0.48800 0.66259 0.58000 0.57224 1.00000 0.70851 0.55537 0.57608 0.62808 0.12396 0.12471 0.11420 0.11294 
0.48533 0.36043 0.29976 0.34667 0.32071 0.46871 0.30000 0.37333 0.29506 0.82718 0.63204 1.00000 0.58114 0.54396 0.64451 0.75043 0.87047 0.38306 0.48635 0.74290 0.64510 0.72667 0.56078 0.41122 0.31624 0.39753 0.38910 0.33459 0.40588 0.66416 0.56647 0.86588 0.78878 0.87733 0.74859 0.67024 0.90843 0.95275 0.57867 0.73871 0.86188 0.74094 0.53059 0.40235 0.38043 0.35141 0.44063 0.37255 0.33820 0.81208 0.84400 0.82165 0.89765 0.76424 0.90620 0.89373 0.65294 0.73353 0.16243 0.08647 0.17365 0.17294 
0.41851 0.18549 0.47529 0.48290 0.27388 0.30706 0.27012 0.24459 0.47600 0.86627 0.90204 0.76047 0.79200 0.53459 0.68549 0.89376 0.78620 0.78353 0.64039 0.63584 0.56690 0.68188 0.27529 0.31373 0.57976 0.32478 0.52612 0.67106 0.38910 0.65878 0.61561 0.96996 0.52200 0.69235 0.86800 0.73035 0.74463 0.79600 0.50824 0.86729 0.63184 0.47753 0.51365 0.40408 0.50965 0.40800 0.44894 0.38306 0.39075 0.61471 0.64957 0.64541 0.61298 1.00000 1.00000 0.52129 0.99706 0.91600 0.18933 0.15345 0.10871 0.11129 
0.44835 0.38541 0.38420 0.48318 0.36424 0.38043 0.67137 0.77369 0.85600 0.61518 0.55435 0.80651 0.91588 0.66388 0.34424 1.00000 0.60235 0.60761 0.41294 0.44922 0.59294 0.42400 0.32478 0.56000 0.40667 0.42831 0.33631 0.37659 0.60294 0.49961 0.53722 0.52275 0.83945 0.49114 0.75000 0.71871 0.71592 0.87941 0.75110 0.64188 0.48220 0.54800 0.31529 0.47435 0.55780 0.22306 0.41412 0.21639 0.51882 1.00000 0.86059 0.90192 1.00000 0.87137 0.85459 1.00000 0.86576 0.83686 0.87200 0.22906 0.23718 0.08471 
0.44455 0.54353 0.43294 0.35718 0.33129 0.63498 0.80518 0.69035 0.86341 0.85314 0.76941 0.34941 0.82176 0.24565 0.75106 0.40627 0.65161 0.33122 0.51082 0.60157 0.35984 0.37588 0.66733 0.49176 0.35137 0.63859 0.39710 0.50298 0.58325 0.48310 0.63235 0.53459 0.93561 0.57416 0.62745 0.79553 0.49192 0.72592 0.40031 0.31365 0.52510 0.39118 0.52612 0.42353 0.32718 0.43941 0.40518 0.47929 0.43231 1.00000 0.65153 0.95529 0.64129 0.78290 0.99216 0.77294 0.85890 0.94400 0.83702 1.00000 0.13765 0.15529 
0.39561 0.33490 0.62067 0.36996 0.40796 0.88753 0.59953 0.51635 0.33631 0.58353 0.45176 0.81835 0.12518 0.15298 0.92733 0.73576 0.62522 0.28988 0.17816 0.56769 0.74965 0.47314 0.52102 0.74094 0.56953 0.36176 0.50961 0.39071 0.38753 0.53620 0.39071 0.51671 0.64216 0.49922 0.31020 0.56894 0.33494 0.54212 0.60863 0.42400 0.46588 0.64675 0.31576 0.44478 0.54847 0.80192 0.52549 0.46576 0.22024 0.59306 0.79812 0.75859 1.00000 0.84400 0.75859 1.00000 0.70776 0.86431 0.89267 0.81882 1.00000 0.17000 
0.36580 0.85890 0.33671 0.51365 0.33882 0.56467 0.52153 0.41039 0.57537 0.36957 0.90388 0.15141 0.12047 0.77176 1.00000 0.69675 0.60000 0.53722 0.35451 0.33067 0.44125 0.53835 0.48000 0.49471 0.36016 0.60502 0.67529 0.47020 0.49624 0.48918 0.37600 0.31176 0.35647 0.35631 0.48706 0.55718 0.54600 0.59137 0.31875 0.38416 0.64596 0.59733 0.46973 0.52733 0.83576 0.75529 0.72510 0.41212 0.55451 0.68494 0.86059 0.74831 0.85216 0.85918 0.69882 1.00000 1.00000 0.93153 0.46047 0.70961 1.00000 0.82627 
0.54094 1.00000 0.65612 0.46408 0.46141 0.51671 0.49576 0.51294 0.56647 0.69675 0.09443 0.15671 0.12745 0.84063 0.91467 1.00000 0.48282 0.97835 0.26047 0.31871 0.39788 0.33902 0.45898 0.44894 0.68686 0.49922 0.59200 0.35176 0.39122 0.58937 0.38871 0.24565 0.24471 0.58416 0.41337 0.44259 0.53059 0.35784 0.38082 0.48675 0.49553 0.46165 0.95333 0.99867 1.00000 0.54573 0.93114 0.35765 0.30016 0.85600 1.00000 0.76902 0.87267 0.56384 0.63741 0.64627 1.00000 0.82306 0.98102 0.77667 0.83310 0.86208 
0.48220 0.39686 0.51404 0.49200 0.64059 0.53541 0.31624 1.00000 0.09537 0.11549 0.08839 0.08973 1.00000 0.99765 1.00000 0.56227 0.76659 0.89208 0.54529 0.14000 0.30588 0.30349 0.40600 0.31733 0.64561 0.51600 0.37851 0.52706 0.47435 0.48067 0.51722 0.37522 0.27451 0.39561 0.50439 0.48675 0.41122 0.50012 0.42604 0.55702 0.55906 0.92675 0.73306 0.87745 0.87059 1.00000 0.74659 0.63906 0.99098 0.50059 0.54024 0.85098 0.77796 0.48706 0.59035 0.58447 0.61835 1.00000 0.97922 1.00000 0.81443 0.45106 
0.22400 0.22859 0.18914 0.28612 0.47184 0.71529 0.57506 0.15882 0.08235 0.10541 0.12627 0.22188 0.92580 0.74353 0.88631 0.83518 1.00000 0.72000 0.29235 0.41176 0.34122 0.27718 0.27667 0.26980 0.38659 0.41161 0.67380 0.62161 0.59733 0.36835 0.39443 0.46047 0.44471 0.38953 0.38047 0.47812 0.37647 0.44047 0.71306 0.86878 0.70388 0.81529 0.46792 0.50980 0.58553 0.32090 0.75765 0.78204 0.74400 0.76212 0.52455 0.66314 0.77957 0.92816 0.72125 0.73184 0.83576 0.89294 0.75922 0.77000 0.81098 0.78918 
0.13357 0.13494 0.16251 0.16745 0.07494 0.13020 0.10612 0.08565 0.09663 0.12800 0.08471 0.35114 0.77820 0.98412 0.71263 0.97059 0.48973 0.95200 0.46804 0.29976 0.24329 0.33035 0.26141 0.13976 0.23247 0.59443 0.46400 0.66635 0.57506 0.60431 0.41039 0.48176 0.28235 0.42792 0.60141 0.30498 0.37486 0.75937 0.97953 0.54051 0.56667 0.26824 0.34667 0.47882 0.29224 0.28471 0.68922 0.71176 0.61773 0.59184 0.79592 0.67200 1.00000 0.64129 0.80965 0.99106 0.65569 0.83518 0.66463 0.71271 0.89294 0.74196 
0.09835 0.11859 0.10094 0.12353 0.13427 0.11922 0.13192 0.09922 0.16416 0.07200 0.09773 1.00000 1.00000 0.88094 1.00000 0.99247 1.00000 0.96714 0.73765 0.40325 0.17176 0.39757 0.30471 0.29427 0.42671 0.53835 0.38588 0.29541 0.50592 0.47922 0.61584 0.52282 0.44325 0.42471 0.51388 0.74859 0.62118 0.82667 0.64918 0.62141 0.56031 0.78878 0.57035 0.43231 0.38741 0.34067 0.40659 0.58580 0.58824 0.54243 0.65333 0.75043 0.79933 0.39718 1.00000 0.92314 0.80600 0.87110 1.00000 0.70965 0.64714 0.77647 
0.09463 0.08110 0.10588 0.07329 0.10165 0.06706 0.06118 0.08718 0.07851 0.06929 0.10741 0.99365 0.97506 1.00000 0.72800 0.80275 0.72675 0.65153 0.91906 0.60267 0.22635 0.32667 0.42059 0.32020 0.71914 0.51176 0.36706 0.36506 0.33553 0.55141 0.58882 0.46749 0.42580 0.71400 0.62667 0.60957 0.46118 0.49667 0.48533 0.51827 0.46408 0.36996 0.36800 0.47259 0.44259 0.51976 0.36800 0.48059 0.51518 0.81529 0.84980 1.00000 0.94255 0.66259 0.96627 0.81318 0.83200 1.00000 1.00000 0.62506 0.55314 1.00000 
0.08718 0.10008 0.07718 0.08122 0.04400 0.09800 0.05608 0.09788 0.12278 0.16235 0.10353 0.75655 1.00000 0.88251 1.00000 1.00000 0.77992 0.88957 0.73412 0.25259 0.42247 0.19490 0.32008 0.29494 0.83988 0.72141 0.46557 0.30478 0.32459 0.30180 0.36129 0.52110 0.51702 0.59718 0.56078 0.66737 0.56000 0.52651 0.46141 0.54341 0.38871 0.55059 0.72471 0.67012 0.61867 0.38212 0.28627 0.21176 0.44431 0.63000 0.58714 0.59200 0.54094 0.82545 0.76012 0.74212 1.00000 0.75188 0.84416 0.78682 0.83686 0.83882 
0.06506 0.10439 0.06675 0.09718 0.06800 0.06733 0.08541 0.08145 0.12533 0.19576 0.18824 0.93475 0.55737 0.66702 1.00000 0.73376 0.53345 0.89725 0.91098 0.58176 0.42471 0.49576 0.32333 0.32529 0.80063 0.36894 0.56690 0.35749 0.22345 0.41039 0.37020 0.61647 0.48290 0.31898 0.37694 0.49757 0.30894 0.40796 0.44800 0.56933 0.71294 0.68235 0.31953 0.53224 0.26400 0.39941 0.47059 0.51192 0.35894 0.50082 0.34447 1.00000 0.53835 0.84400 1.00000 0.73667 1.00000 0.90071 0.70047 0.91690 0.68612 0.78078 
0.08078 0.08047 0.07749 0.08627 0.07153 0.06753 0.11529 0.19373 0.11694 0.14494 0.27275 0.93153 0.67035 0.99027 0.61859 1.00000 0.86855 0.60000 0.65090 0.52106 0.48282 0.44882 0.38000 0.49059 0.58353 0.46196 0.39710 0.30227 0.32478 0.25827 0.42318 0.44886 0.39600 0.41294 0.36898 0.29671 0.38910 0.49349 0.73294 0.44016 0.31388 0.47133 0.33882 0.26118 0.26400 0.42467 0.45153 0.39118 0.41129 0.27451 0.36235 0.79059 0.92400 1.00000 0.92647 0.82078 0.86086 0.89545 1.00000 1.00000 0.74376 0.32627 
0.11435 0.08800 0.09800 0.11224 0.06918 0.16690 0.15961 0.14792 0.19200 0.17325 0.24980 0.91408 0.99867 1.00000 0.83863 0.98608 0.93945 0.90039 0.48690 0.45294 0.67937 0.48533 0.48565 0.55282 0.41820 0.50510 0.36565 0.15514 0.34667 0.42824 0.64153 0.36125 0.48627 0.41122 0.43976 0.37161 0.57506 0.24161 0.36863 0.39584 0.45267 0.46165 0.29208 0.38816 0.44965 0.61153 0.48745 0.24957 0.50439 0.47804 0.36894 1.00000 0.90216 1.00000 1.00000 0.90702 1.00000 0.84784 1.00000 1.00000 0.82424 0.14471 
0.15529 0.08188 0.06945 0.13980 0.14682 0.15918 0.21000 0.24733 0.18290 0.28682 0.17588 0.29906 0.79012 1.00000 0.93306 0.79592 0.75059 0.62682 0.91475 0.61788 0.64553 0.68173 0.64490 0.49067 0.36980 0.63686 0.43153 0.35757 0.39576 0.45208 0.33494 0.44059 0.76706 0.56769 0.74431 0.21824 0.29431 0.22125 0.36337 0.33529 0.40322 0.34086 0.41890 0.33765 0.37529 0.47718 0.35020 0.54847 0.55176 0.37333 0.17600 0.67059 1.00000 0.74000 1.00000 0.85969 1.00000 1.00000 0.73235 0.53200 1.00000 0.11749 
0.17525 0.13129 0.12769 0.17294 0.17824 0.21106 0.17031 0.12267 0.22839 0.16706 0.17816 0.23510 0.81671 1.00000 1.00000 0.94518 1.00000 0.96627 0.90216 1.00000 0.90400 0.82804 0.84612 0.43498 0.42467 0.52114 0.50592 0.55412 0.46431 0.69106 0.78867 0.60698 0.43129 0.52494 0.52329 0.51294 0.49176 0.46086 0.21835 0.51412 0.43482 0.55741 0.58855 0.39388 0.40282 0.34122 0.47259 0.28682 0.48675 0.59294 0.43871 0.38118 0.88459 0.93612 0.66682 1.00000 0.73522 0.68294 0.84827 0.74541 0.65196 0.10447 
0.26604 0.18063 0.22098 0.20922 0.27749 0.20824 0.17039 0.23369 0.33867 0.23024 0.40047 0.35008 0.80145 0.76553 1.00000 0.77647 0.79992 0.86345 0.83200 0.78047 0.89337 0.77043 0.85800 0.75733 0.43867 0.66082 0.64447 0.89188 0.65224 0.58847 0.55008 0.49176 0.60000 0.41471 0.63235 0.45553 0.49600 0.48290 0.60667 0.49976 0.35376 0.32224 0.30871 0.38000 0.32063 0.49624 0.38741 0.44757 0.47835 0.36000 0.51600 0.31898 0.87706 1.00000 0.86188 0.88957 0.65965 0.99953 0.69333 0.54635 0.14745 0.08118 
0.21153 0.27953 0.26047 0.21518 0.19208 0.16553 0.27071 0.19694 0.27106 0.25616 0.24557 0.29867 0.19482 0.97835 1.00000 0.88847 0.71333 0.97933 0.60800 0.71388 0.71000 0.60141 0.56243 0.64141 0.67412 0.97373 0.71435 0.91906 0.83969 0.71153 0.32627 0.73412 0.60612 0.89851 0.47718 0.40361 0.38847 0.47169 0.40322 0.46557 0.48635 0.60761 0.33475 0.39024 0.49467 0.39075 0.34941 0.35294 0.30745 0.47435 0.51608 0.55000 0.98259 0.88957 0.66761 0.68157 1.00000 0.41725 0.21318 0.03671 0.03859 0.10541 
0.26188 0.22906 0.26588 0.24725 0.21808 0.21741 0.27510 0.22839 0.26929 0.20788 0.20137 0.12478 0.28141 0.97349 0.75188 1.00000 1.00000 0.72784 1.00000 0.63839 0.92616 0.76953 1.00000 0.55408 0.56008 0.61043 0.66000 0.73765 0.75043 0.88988 0.60184 0.95098 0.99000 0.47624 0.67561 0.70918 0.37800 0.47776 0.26894 0.64729 0.27859 0.60071 0.35376 0.32478 0.30871 0.41851 0.61082 0.83118 0.85294 0.53471 0.56863 0.66706 1.00000 0.89910 0.90216 0.98824 0.30541 0.17706 0.09161 0.15114 0.10824 0.02761 
0.26247 0.26510 0.23706 0.35988 0.27565 0.35467 0.30871 0.20447 0.16267 0.28886 0.19169 0.28376 0.20384 0.91824 1.00000 0.95059 0.65710 0.87176 0.98682 0.96604 0.93114 1.00000 1.00000 0.73600 0.86000 0.54706 0.79502 0.96812 0.59020 0.59490 0.57263 0.66510 0.74863 0.60565 0.57847 0.50329 0.52345 0.62729 0.26529 0.45239 0.40847 0.45741 0.49129 0.42541 0.41129 0.44471 0.39459 0.56769 0.67600 0.79200 0.44494 0.59137 0.70275 0.72510 0.75937 0.10667 0.07922 0.08529 0.08314 0.04235 0.05271 0.07937 
0.11576 0.34133 0.28000 0.30627 0.27008 0.23910 0.27231 0.21639 0.17945 0.19600 0.43812 0.15176 0.12769 0.70588 0.52059 0.84204 0.96765 0.71271 0.88251 0.71875 1.00000 0.98376 1.00000 0.50816 1.00000 0.99122 0.92753 0.79435 0.71016 0.70353 0.59012 0.48588 0.79686 0.67200 0.56925 0.84333 0.81400 0.65459 0.53612 0.60431 0.47765 0.41588 0.61682 0.28914 0.35631 0.58200 0.46118 0.63145 0.66925 1.00000 0.68518 0.63529 0.65847 0.56596 0.12133 0.10824 0.16306 0.11667 0.06118 0.08094 0.04706 0.07027 
0.31184 0.16306 0.18118 0.19200 0.29059 0.28000 0.16824 0.25451 0.25365 0.25357 0.18627 0.18071 0.12957 0.48753 0.87894 0.88000 1.00000 1.00000 0.92400 0.85890 0.57725 1.00000 0.76220 0.91475 0.70016 0.55451 1.00000 0.86800 0.77318 0.93176 0.83082 0.93710 0.78608 0.84208 0.63800 0.77259 0.46376 0.89600 0.61255 0.69835 0.63600 0.42824 0.34122 0.46592 0.28471 0.50294 0.88000 0.30745 1.00000 0.68235 0.88125 0.93435 0.17588 0.13263 0.15333 0.11804 0.10820 0.13051 0.07412 0.04329 0.07655 0.14353 
0.43227 0.26400 0.30741 0.26518 0.20647 0.29384 0.22235 0.14549 0.14165 0.09145 0.14494 0.16910 0.16824 0.13427 0.66353 0.79059 1.00000 0.82788 0.97412 1.00000 1.00000 0.92580 0.65224 1.00000 0.74533 0.67059 0.83012 1.00000 0.76784 0.97176 0.70745 0.88459 0.65988 0.79992 0.63529 0.48494 0.84941 1.00000 0.79412 0.70659 0.98353 0.63137 0.75298 0.73514 0.71780 1.00000 0.89682 0.63839 0.90588 0.84000 0.44788 0.32612 0.12588 0.22510 0.15804 0.17333 0.12278 0.17384 0.13467 0.18925 0.18478 0.10012 
0.28439 0.26188 0.08412 0.23498 0.19667 0.27494 0.20369 0.10600 0.15333 0.32063 0.17059 0.11318 0.10000 0.24161 0.48188 0.97412 0.94467 0.85969 1.00000 1.00000 0.76816 0.71780 0.95192 0.83341 0.82424 0.98682 1.00000 0.86471 1.00000 0.71471 0.86188 0.68243 0.84706 0.79580 0.42576 0.59259 0.97071 1.00000 0.99706 0.93004 0.90153 0.72988 0.54094 0.87686 0.78518 1.00000 1.00000 1.00000 0.17039 0.24788 0.17882 0.08000 0.08416 0.09835 0.15671 0.15114 0.16941 0.15141 0.15816 0.18573 0.17702 0.14259 
0.29867 0.21682 0.16941 0.19804 0.11431 0.19537 0.22157 0.11722 0.21004 0.06337 0.20471 0.23294 0.16275 0.10102 0.13976 0.95325 1.00000 0.59906 1.00000 0.92580 0.94871 1.00000 1.00000 0.92314 0.93153 0.54780 0.71565 0.92580 0.75188 0.89545 0.71843 0.96635 0.93396 0.80973 0.89224 0.87110 0.78682 0.67325 0.71529 1.00000 0.56765 1.00000 0.62824 0.78565 0.71282 0.97686 0.59380 0.39600 0.21196 0.14333 0.11753 0.19067 0.09914 0.20235 0.16055 0.28957 0.18149 0.19412 0.17118 0.15812 0.19776 0.11137 
0.21639 0.21412 0.20361 0.19302 0.16333 0.13137 0.19804 0.18627 0.21600 0.11667 0.18580 0.06800 0.07067 0.18882 0.11753 0.09482 0.67459 0.96604 0.64753 0.64824 0.56753 0.72247 0.61694 0.82133 0.96510 0.87922 0.58980 0.80118 0.73129 0.76082 0.86855 0.85314 0.82941 0.49341 0.65882 0.92314 0.82620 1.00000 1.00000 0.76125 0.31365 0.71200 1.00000 0.79612 0.74196 0.97271 0.45725 0.19537 0.10569 0.11169 0.15694 0.11714 0.11388 0.13176 0.15490 0.18227 0.28204 0.17471 0.18824 0.15875 0.16059 0.19153 
0.19196 0.27106 0.14839 0.23635 0.14275 0.23400 0.20196 0.17059 0.16737 0.27271 0.12165 0.17600 0.10000 0.08047 0.33906 0.03000 0.10686 0.17255 0.10690 0.18478 0.14365 0.63369 0.90698 1.00000 1.00000 1.00000 0.95749 0.94212 1.00000 0.88392 1.00000 1.00000 1.00000 0.59118 0.75039 0.63812 0.73376 0.95875 0.60431 0.21494 0.22800 0.12863 0.11898 0.58941 0.38000 0.21067 0.15247 0.31906 0.14655 0.12800 0.15804 0.09176 0.10871 0.18169 0.20706 0.25412 0.22863 0.19059 0.19780 0.23718 0.19122 0.15000 
0.23529 0.21012 0.19122 0.22227 0.22659 0.21200 0.22588 0.11427 0.11859 0.22655 0.17800 0.21310 0.18000 0.10271 0.05773 0.12847 0.10000 0.13412 0.15043 0.20361 0.07306 0.61380 0.92094 1.00000 0.96855 0.94412 0.93114 0.74533 0.51882 0.84761 1.00000 0.67000 1.00000 0.69945 0.40235 0.15816 0.04600 0.07741 0.11776 0.07302 0.15647 0.24894 0.19200 0.12267 0.17251 0.27733 0.15600 0.10906 0.13863 0.14682 0.09882 0.11090 0.10667 0.16976 0.19941 0.16800 0.14400 0.27890 0.26353 0.17333 0.14118 0.19729 
0.23600 0.17506 0.25412 0.20992 0.28588 0.21373 0.22302 0.18616 0.27890 0.20259 0.16835 0.08000 0.09431 0.19765 0.11647 0.10098 0.10294 0.07329 0.07341 0.11216 0.28227 0.03020 1.00000 0.78000 1.00000 1.00000 0.52059 1.00000 0.92733 0.94776 0.88000 0.22024 0.07004 0.13761 0.04824 0.04529 0.09016 0.05271 0.09882 0.17733 0.19663 0.11318 0.17294 0.08933 0.19906 0.18290 0.12000 0.18557 0.09361 0.07796 0.07851 0.07059 0.12918 0.14306 0.13710 0.10624 0.15686 0.26306 0.22239 0.21459 0.17847 0.12424 
0.22129 0.12263 0.20196 0.16420 0.17333 0.18071 0.30306 0.27451 0.28706 0.17122 0.18290 0.21882 0.13553 0.07525 0.11153 0.05098 0.06012 0.15918 0.13988 0.07780 0.05953 0.21800 0.13427 0.94831 1.00000 0.75294 0.88008 0.59412 0.16200 0.10694 0.10980 0.07973 0.07765 0.10784 0.07851 0.05141 0.04447 0.07906 0.07129 0.14682 0.05365 0.09969 0.13059 0.13412 0.14149 0.11259 0.22549 0.13980 0.09553 0.07647 0.08847 0.08235 0.08569 0.10298 0.16412 0.14000 0.11137 0.19392 0.19498 0.13961 0.09286 0.08333 
0.27063 0.28706 0.23725 0.18765 0.25357 0.21200 0.22655 0.21906 0.24706 0.20494 0.13867 0.11667 0.19224 0.10878 0.11863 0.08541 0.07000 0.09200 0.11259 0.07624 0.15439 0.16957 0.08298 0.18706 0.12267 0.08941 0.16596 0.31129 0.10980 0.06196 0.07247 0.09278 0.10463 0.02400 0.04659 0.04275 0.08298 0.08643 0.04141 0.07780 0.08671 0.07973 0.11184 0.10000 0.12675 0.16235 0.16306 0.11671 0.11306 0.08157 0.09831 0.04694 0.06988 0.07227 0.07847 0.08725 0.10400 0.13078 0.13176 0.05506 0.06176 0.06071 
