0.32549 0.38039 0.36863 0.38039 0.36471 0.34902 0.33333 0.16471 0.03922 0.04314 0.06667 0.07059 0.05882 0.05490 0.05098 0.05882 0.05490 0.04706 0.05490 0.00392 0.00784 0.03137 0.01176 0.40784 0.48235 0.10588 0.07451 0.21961 0.12549 0.29804 0.56078 0.61569 0.25882 0.07451 0.02353 0.00784 0.01961 0.00784 0.07843 0.07843 0.06275 0.05490 0.05098 0.05490 0.06275 0.06667 0.09412 0.11373 0.11373 0.10588 0.13333 0.23922 0.35294 0.43137 0.43922 0.43137 0.46667 0.45882 0.47451 0.46667 0.42353 0.36863 
0.29804 0.34510 0.34902 0.40000 0.41176 0.38039 0.30980 0.10980 0.04314 0.05098 0.08235 0.07843 0.06275 0.06667 0.05882 0.05882 0.05882 0.04706 0.05098 0.00392 0.00784 0.03529 0.01176 0.40784 0.45882 0.07059 0.04314 0.11373 0.11373 0.25098 0.55294 0.60392 0.32157 0.07843 0.00784 0.00784 0.03137 0.00392 0.05490 0.05490 0.06275 0.05882 0.07843 0.10588 0.12157 0.12941 0.12941 0.16078 0.18824 0.20000 0.23529 0.32549 0.39216 0.43137 0.43922 0.44706 0.47843 0.43529 0.49804 0.49412 0.38824 0.37647 
0.24706 0.29804 0.33333 0.43137 0.47059 0.41176 0.27059 0.04706 0.05098 0.06275 0.09020 0.08627 0.07059 0.07451 0.06667 0.06667 0.06275 0.04706 0.05098 0.00392 0.00784 0.03529 0.01176 0.40784 0.43137 0.03529 0.01569 0.05098 0.09020 0.20000 0.54118 0.58824 0.37647 0.07843 0.00784 0.00784 0.04706 0.00392 0.03529 0.03529 0.08235 0.09020 0.14510 0.20392 0.23529 0.24314 0.24314 0.27451 0.39216 0.41176 0.43137 0.47059 0.45882 0.43922 0.42745 0.43922 0.40784 0.56078 0.85882 0.84706 0.47451 0.23137 
0.18431 0.17255 0.28235 0.27451 0.39608 0.35294 0.35686 0.07451 0.03922 0.06275 0.03922 0.03922 0.06275 0.04314 0.04706 0.05098 0.04314 0.06667 0.07451 0.00392 0.02353 0.00784 0.03137 0.41176 0.38431 0.02353 0.01176 0.07843 0.09804 0.14510 0.42353 0.56863 0.46275 0.12549 0.09412 0.02745 0.05490 0.06667 0.04706 0.09020 0.12549 0.15686 0.29804 0.39216 0.33725 0.43529 0.42353 0.46667 0.46667 0.44314 0.46275 0.39608 0.50588 0.42745 0.43529 0.48627 0.84706 0.90196 0.70980 0.51373 0.35294 0.17647 
0.18431 0.24314 0.32549 0.34902 0.37647 0.19608 0.30588 0.12549 0.04314 0.05882 0.03922 0.05098 0.08235 0.07059 0.07843 0.09020 0.07059 0.07059 0.07059 0.00784 0.01176 0.00784 0.07059 0.43529 0.25098 0.01569 0.10980 0.30980 0.09804 0.13725 0.41569 0.54118 0.43137 0.05490 0.09412 0.13333 0.14902 0.14902 0.17255 0.22745 0.33333 0.43137 0.45882 0.49804 0.53725 0.47059 0.53333 0.52941 0.47451 0.48235 0.44314 0.38824 0.43137 0.49804 0.74118 0.92157 0.95686 0.77647 0.46667 0.32549 0.21569 0.05882 
0.22353 0.35686 0.38824 0.46275 0.45098 0.17647 0.29804 0.19216 0.09412 0.07451 0.05490 0.06667 0.08627 0.07843 0.06667 0.07843 0.06667 0.05098 0.06275 0.02353 0.00784 0.01176 0.10588 0.38431 0.25490 0.09804 0.39216 0.62745 0.13333 0.13725 0.41176 0.52549 0.45490 0.03529 0.13333 0.37255 0.45490 0.44314 0.46667 0.46275 0.42745 0.50588 0.45882 0.45490 0.50588 0.48235 0.49804 0.55686 0.49020 0.43137 0.53333 0.40784 0.54118 0.89804 0.90588 0.92157 0.76078 0.47843 0.20784 0.15294 0.09804 0.01569 
0.27843 0.39216 0.44314 0.53725 0.58824 0.34118 0.35686 0.26275 0.13725 0.06667 0.05882 0.06667 0.07451 0.07843 0.05490 0.06667 0.05882 0.03529 0.07059 0.06275 0.01176 0.01176 0.11765 0.28235 0.26275 0.19608 0.49412 0.63922 0.17647 0.12549 0.37255 0.52549 0.39608 0.01961 0.07843 0.36078 0.60784 0.63529 0.60784 0.56471 0.54902 0.51373 0.47843 0.45490 0.38824 0.52157 0.43529 0.55686 0.65098 0.52157 0.45882 0.72941 0.90196 0.82745 0.96471 0.90980 0.40784 0.21569 0.08235 0.05098 0.01961 0.02745 
0.30196 0.36471 0.49020 0.53725 0.63529 0.56078 0.45098 0.36471 0.16863 0.04706 0.05098 0.06275 0.07451 0.10588 0.08235 0.10588 0.07059 0.05098 0.06667 0.06667 0.01176 0.01569 0.12157 0.20000 0.10980 0.09412 0.28235 0.31765 0.15294 0.09804 0.34118 0.56863 0.31373 0.05098 0.01176 0.11373 0.44314 0.53725 0.55686 0.58824 0.51373 0.45490 0.43922 0.46275 0.39216 0.47451 0.52941 0.52941 0.61176 0.62353 0.86667 0.96078 0.97647 0.85490 0.89020 0.82745 0.35294 0.16471 0.07451 0.03922 0.01961 0.03922 
0.34118 0.36863 0.54510 0.55294 0.62353 0.67451 0.55294 0.47843 0.26275 0.06275 0.06667 0.07451 0.07059 0.10980 0.07843 0.10980 0.07059 0.06275 0.03137 0.02353 0.00784 0.01176 0.11765 0.15294 0.01961 0.01569 0.03529 0.01961 0.09020 0.08235 0.27843 0.54118 0.32549 0.16471 0.03529 0.01176 0.16078 0.27059 0.40392 0.53725 0.45098 0.46667 0.42353 0.45098 0.46667 0.36471 0.55294 0.43922 0.54510 0.93725 0.96078 0.94902 0.97647 0.88235 0.88235 0.33725 0.34902 0.12157 0.04314 0.06275 0.06667 0.04314 
0.36863 0.38431 0.52157 0.59216 0.62353 0.66667 0.59216 0.45882 0.35294 0.09020 0.09804 0.08235 0.05490 0.09412 0.05098 0.08235 0.05098 0.07059 0.01961 0.01569 0.01961 0.03137 0.13333 0.14902 0.02745 0.02353 0.00392 0.00392 0.05098 0.09804 0.20392 0.43922 0.32549 0.22745 0.10196 0.00784 0.01569 0.03922 0.20392 0.27843 0.45098 0.52157 0.45098 0.44314 0.45882 0.49804 0.43137 0.55294 0.98824 0.96471 0.92941 0.93725 0.96078 0.96863 0.52549 0.25098 0.19608 0.06667 0.03922 0.05490 0.10196 0.07059 
0.38431 0.37647 0.44706 0.61961 0.63922 0.61961 0.57255 0.34510 0.37255 0.08235 0.09020 0.07843 0.04314 0.09804 0.05882 0.09804 0.03922 0.09412 0.04706 0.05882 0.09412 0.10196 0.17255 0.16863 0.04314 0.04314 0.00392 0.02745 0.01961 0.08627 0.13333 0.31373 0.33725 0.22745 0.18824 0.07059 0.01569 0.01569 0.05882 0.01961 0.11373 0.20000 0.20392 0.23137 0.24314 0.71765 0.29020 0.82745 0.93725 0.94118 0.92941 0.99216 0.90588 0.85490 0.24314 0.12549 0.07059 0.08235 0.08627 0.02353 0.03922 0.09020 
0.38039 0.36863 0.42745 0.52157 0.59216 0.58824 0.48235 0.31373 0.14510 0.16863 0.08627 0.06275 0.04706 0.11765 0.06275 0.07059 0.07451 0.05490 0.07059 0.04314 0.09020 0.16863 0.13333 0.13725 0.13725 0.04706 0.00000 0.00784 0.08627 0.02353 0.11765 0.12549 0.30196 0.24314 0.36863 0.07451 0.10196 0.09804 0.06667 0.03922 0.01176 0.09804 0.05098 0.00784 0.04706 0.52941 0.68235 0.96471 0.92157 0.99608 0.99608 0.89804 0.98039 0.18039 0.07451 0.14902 0.07059 0.05098 0.01961 0.01176 0.04706 0.09412 
0.36078 0.37647 0.43922 0.50980 0.54902 0.53333 0.41961 0.23922 0.09804 0.11765 0.14510 0.05098 0.10980 0.01569 0.09020 0.07843 0.07843 0.05882 0.08627 0.05882 0.09804 0.16078 0.12157 0.12549 0.12157 0.06667 0.02353 0.06667 0.02745 0.12549 0.18039 0.35686 0.46667 0.40000 0.35686 0.07451 0.04314 0.09412 0.07451 0.03922 0.02353 0.00784 0.03922 0.02353 0.01569 0.68627 0.96078 0.95686 0.99608 0.87843 0.93725 0.96078 0.78039 0.13333 0.07451 0.06667 0.03137 0.03137 0.02353 0.02745 0.05490 0.09412 
0.31765 0.36471 0.44706 0.49804 0.51765 0.49804 0.37255 0.17647 0.08627 0.14118 0.11373 0.14902 0.07451 0.02745 0.06667 0.09804 0.08627 0.07059 0.10980 0.08627 0.10196 0.14510 0.09412 0.09804 0.10588 0.04314 0.10588 0.03529 0.03137 0.10196 0.14118 0.30980 0.47059 0.49412 0.41176 0.18824 0.06667 0.07451 0.07843 0.07843 0.13333 0.00784 0.09412 0.00784 0.87451 0.91765 0.98039 0.92549 0.92941 0.98431 0.99216 0.96471 0.12157 0.06275 0.05882 0.01569 0.01176 0.02745 0.04314 0.05098 0.06275 0.08627 
0.24314 0.31373 0.41176 0.47059 0.50588 0.49804 0.36863 0.16078 0.10196 0.10980 0.10588 0.14510 0.04314 0.10980 0.05882 0.09020 0.10196 0.08235 0.13333 0.10588 0.10588 0.12941 0.07451 0.08235 0.09020 0.05098 0.08235 0.08235 0.06275 0.10196 0.07059 0.11373 0.07451 0.11765 0.14902 0.18039 0.21569 0.14118 0.12157 0.05490 0.05490 0.06275 0.45098 0.95686 0.90196 0.97647 0.93725 0.98431 0.96471 0.99216 0.96863 0.84706 0.01569 0.08235 0.05882 0.07843 0.03922 0.06667 0.08627 0.08235 0.07451 0.08627 
0.20392 0.25490 0.34510 0.41569 0.46667 0.47451 0.35294 0.15686 0.09804 0.04314 0.21176 0.05882 0.08235 0.11765 0.10196 0.09804 0.10980 0.08627 0.14510 0.12157 0.10196 0.10980 0.06667 0.08235 0.07451 0.10196 0.02745 0.18039 0.09804 0.14510 0.10980 0.11765 0.33333 0.39608 0.54510 0.49412 0.47059 0.36078 0.67843 0.90196 0.87451 0.89804 0.90588 0.88235 0.95686 0.95686 0.94510 0.98431 0.89804 0.95686 0.93333 0.38824 0.16863 0.02745 0.10980 0.05882 0.05490 0.08235 0.09804 0.08627 0.07843 0.09020 
0.12941 0.14118 0.20000 0.26275 0.29804 0.30196 0.22353 0.09804 0.07059 0.05098 0.26275 0.18824 0.11373 0.16078 0.12941 0.16471 0.09020 0.07059 0.12941 0.11373 0.09412 0.10588 0.07451 0.10588 0.09020 0.07843 0.10196 0.11765 0.21176 0.07843 0.25490 0.27059 0.43922 0.30196 0.41176 0.43137 0.60392 0.47451 0.56471 0.61961 0.74902 0.85490 0.90588 0.87059 0.94902 0.96863 0.96078 0.91373 0.89020 0.98431 0.70980 0.03137 0.09020 0.03137 0.11373 0.05882 0.05882 0.07843 0.09020 0.07843 0.07843 0.09804 
0.10980 0.08627 0.10980 0.13725 0.12941 0.12549 0.11373 0.07843 0.09804 0.14118 0.23529 0.42745 0.23137 0.21176 0.15686 0.16471 0.06275 0.05098 0.10196 0.09412 0.08627 0.10980 0.09804 0.15686 0.09804 0.04314 0.15686 0.12549 0.29804 0.16078 0.36863 0.47059 0.64706 0.47843 0.54510 0.52549 0.65882 0.65098 0.63922 0.70588 0.74902 0.76078 0.83529 0.94510 0.94118 0.95294 0.96078 0.91373 0.98039 0.78431 0.18824 0.09804 0.14118 0.14902 0.06667 0.14118 0.07059 0.08627 0.09412 0.09020 0.09412 0.11373 
0.13333 0.09020 0.09804 0.10196 0.07843 0.06667 0.09020 0.10196 0.17255 0.14902 0.23137 0.47059 0.43529 0.13333 0.20784 0.07451 0.04314 0.03137 0.07843 0.08235 0.08235 0.11765 0.11373 0.20000 0.07451 0.05490 0.07451 0.34902 0.28235 0.48627 0.38824 0.64706 0.69804 0.54510 0.54510 0.45490 0.49020 0.59608 0.53333 0.62745 0.68627 0.78431 0.78431 0.89412 0.91765 0.92941 0.91373 0.93725 0.60784 0.47451 0.07059 0.16863 0.10588 0.11765 0.11373 0.11373 0.09804 0.11373 0.11765 0.10980 0.11373 0.12549 
0.09412 0.09020 0.12157 0.09804 0.07059 0.07451 0.09412 0.09020 0.14510 0.23922 0.18039 0.15294 0.30980 0.32941 0.12941 0.04314 0.07843 0.05490 0.08235 0.08627 0.05490 0.20784 0.15294 0.18431 0.20784 0.18824 0.10196 0.48235 0.25490 0.64706 0.63529 0.66275 0.61961 0.64706 0.50980 0.38431 0.45490 0.50980 0.52941 0.59216 0.77647 0.79608 0.82353 0.77255 0.94902 0.87059 0.80784 0.29804 0.18824 0.32941 0.33333 0.05098 0.13725 0.10980 0.05098 0.08627 0.10196 0.10196 0.10196 0.10196 0.10980 0.10980 
0.10980 0.06275 0.10588 0.13333 0.09412 0.06275 0.07843 0.10588 0.16863 0.26275 0.27451 0.18824 0.20000 0.28235 0.24314 0.14510 0.15686 0.19608 0.13333 0.26275 0.21569 0.17647 0.21176 0.14902 0.25098 0.17255 0.73333 0.61569 0.59608 0.52549 0.50196 0.62745 0.61961 0.69804 0.59216 0.41961 0.41961 0.45098 0.48627 0.56078 0.78039 0.83529 0.76863 0.76863 0.70980 0.29412 0.17647 0.21569 0.16078 0.49020 0.07451 0.16471 0.10588 0.07451 0.22353 0.08627 0.09804 0.09804 0.10196 0.10196 0.10588 0.10980 
0.12941 0.07843 0.13333 0.23529 0.19216 0.10588 0.08627 0.10980 0.20392 0.30588 0.36863 0.22745 0.10196 0.21176 0.34510 0.30588 0.32549 0.18039 0.23922 0.10588 0.09412 0.31373 0.21569 0.27451 0.48235 0.38039 0.75294 0.72549 0.50588 0.69020 0.41961 0.76863 0.76078 0.78039 0.67451 0.49020 0.46275 0.48235 0.51765 0.58039 0.84314 0.83922 0.79608 0.87451 0.76863 0.79216 0.65882 0.27843 0.50196 0.09020 0.16078 0.17647 0.09804 0.12941 0.13725 0.14510 0.09804 0.09412 0.10196 0.10196 0.10588 0.10980 
0.14118 0.10196 0.21176 0.36078 0.35686 0.23922 0.13725 0.10588 0.20392 0.30980 0.36471 0.21961 0.07843 0.12157 0.26275 0.32941 0.30588 0.22353 0.24314 0.26275 0.20784 0.19216 0.25882 0.37255 0.63529 0.54902 0.61569 0.70980 0.67843 0.80392 0.62745 0.79608 0.77647 0.70196 0.52549 0.42353 0.45882 0.49020 0.52549 0.58824 0.70980 0.84706 0.81569 0.83137 0.77647 0.81961 0.85882 0.90588 0.12157 0.13333 0.12941 0.14510 0.16471 0.25490 0.14118 0.14510 0.10588 0.10196 0.10588 0.10196 0.10588 0.10588 
0.13725 0.13333 0.21569 0.35686 0.41961 0.38824 0.27843 0.15294 0.17255 0.27059 0.24314 0.14510 0.12157 0.06275 0.12549 0.29804 0.19608 0.36863 0.50980 0.31765 0.16471 0.21961 0.33725 0.36863 0.66667 0.67059 0.74510 0.73725 0.86667 0.77255 0.80392 0.81176 0.66667 0.50196 0.36471 0.38431 0.46275 0.48235 0.54510 0.64706 0.87059 0.88235 0.86275 0.84314 0.87059 0.79608 0.80000 0.83922 0.60000 0.65490 0.80784 0.81569 0.67843 0.14510 0.25882 0.16471 0.12157 0.11765 0.11373 0.10588 0.10196 0.10196 
0.16078 0.16078 0.20784 0.31373 0.43137 0.52549 0.47843 0.33333 0.24314 0.27451 0.18039 0.12549 0.17255 0.07451 0.08235 0.27843 0.25098 0.38039 0.70980 0.36471 0.29804 0.53333 0.40784 0.36078 0.57255 0.67059 0.74118 0.71765 0.72941 0.79608 0.78039 0.80000 0.56471 0.43137 0.38431 0.45098 0.48627 0.47843 0.58431 0.72549 0.80000 0.83529 0.92941 0.86667 0.80000 0.79608 0.80784 0.49412 0.52941 0.65882 0.56863 0.56078 0.62353 0.77647 0.20392 0.17647 0.14118 0.13333 0.12549 0.11373 0.10588 0.10196 
0.20000 0.18039 0.18824 0.27059 0.41176 0.56863 0.60784 0.51765 0.40000 0.32941 0.20392 0.13333 0.14902 0.10980 0.18039 0.31373 0.32941 0.38824 0.62353 0.75294 0.77647 0.63529 0.53725 0.39608 0.48235 0.65490 0.80784 0.76863 0.81961 0.84314 0.77255 0.61176 0.47451 0.40000 0.39608 0.43922 0.45098 0.49412 0.64706 0.78431 0.84314 0.89020 0.89412 0.78431 0.92157 0.89804 0.82745 0.81176 0.55686 0.51765 0.58824 0.61569 0.65882 0.69412 0.63137 0.69412 0.17647 0.16471 0.13725 0.11765 0.10980 0.10588 
0.19608 0.16078 0.16078 0.24314 0.38039 0.53725 0.62353 0.58431 0.52157 0.36863 0.24314 0.13333 0.06667 0.09804 0.25098 0.30980 0.25098 0.39216 0.79608 0.65098 0.66275 0.73725 0.54118 0.40000 0.42745 0.72941 0.69412 0.79216 0.71373 0.81569 0.75686 0.47451 0.44706 0.39216 0.38431 0.40392 0.45882 0.60392 0.79608 0.87059 0.88235 0.83137 0.89804 0.87451 0.86667 0.84314 0.85490 0.80000 0.57255 0.56471 0.60392 0.49412 0.55686 0.61961 0.59216 0.63922 0.18824 0.17647 0.14510 0.12549 0.10980 0.10588 
0.18824 0.21569 0.21176 0.23137 0.34118 0.49412 0.58039 0.56471 0.56078 0.41569 0.26667 0.10588 0.20784 0.34510 0.33333 0.31765 0.32941 0.54118 0.57647 0.63529 0.52549 0.74510 0.46275 0.34510 0.51765 0.67451 0.70588 0.80392 0.79216 0.71765 0.50196 0.45490 0.38824 0.41176 0.36471 0.47843 0.50196 0.67451 0.82353 0.86275 0.85882 0.85098 0.87843 0.86275 0.81961 0.87059 0.89804 0.82745 0.87451 0.58431 0.52157 0.56078 0.51373 0.58431 0.62353 0.57255 0.73725 0.17255 0.17255 0.13333 0.12549 0.10980 
0.20784 0.20392 0.18039 0.18431 0.25882 0.34118 0.37647 0.34902 0.30588 0.38824 0.36863 0.39216 0.12549 0.29804 0.43137 0.26275 0.35294 0.40000 0.35294 0.79608 0.32549 0.66275 0.80000 0.62745 0.61961 0.69020 0.70196 0.74902 0.51765 0.49804 0.41961 0.40000 0.40784 0.36471 0.37647 0.44706 0.70588 0.80784 0.91373 0.81569 0.84706 0.84314 0.87451 0.89412 0.89412 0.89804 0.87843 0.81961 0.82353 0.49020 0.63922 0.57255 0.54118 0.54902 0.51373 0.61961 0.65098 0.23922 0.15686 0.13333 0.12157 0.12941 
0.21961 0.19216 0.19216 0.22353 0.29804 0.32157 0.31765 0.29020 0.36471 0.32157 0.23922 0.30980 0.23137 0.36863 0.29020 0.24314 0.21961 0.43529 0.66275 0.89020 0.49412 0.82745 0.74510 0.63529 0.70588 0.70980 0.74510 0.73725 0.38824 0.40392 0.41176 0.36471 0.37255 0.36078 0.45882 0.59608 0.80000 0.82745 0.90196 0.81569 0.88235 0.86667 0.82353 0.81569 0.84706 0.85490 0.84314 0.85098 0.82745 0.88235 0.49804 0.50588 0.56078 0.57647 0.56471 0.51765 0.59216 0.40392 0.16078 0.14902 0.10196 0.12941 
0.23529 0.20392 0.22353 0.29412 0.36863 0.36471 0.34902 0.32941 0.24706 0.28627 0.20392 0.19216 0.30980 0.29412 0.29412 0.29804 0.39608 0.80000 0.80784 0.85882 0.84314 0.80784 0.82745 0.65882 0.65490 0.63137 0.69804 0.66275 0.41569 0.42745 0.42353 0.34510 0.38039 0.41176 0.52549 0.78824 0.83529 0.81569 0.84706 0.89804 0.78039 0.85098 0.84314 0.84314 0.88627 0.88235 0.83529 0.82353 0.72941 0.87451 0.78824 0.48235 0.54118 0.45882 0.54510 0.61176 0.56078 0.57255 0.18824 0.17647 0.10588 0.13333 
0.26667 0.23137 0.28235 0.34510 0.41569 0.38824 0.36471 0.35686 0.34902 0.32941 0.28627 0.30196 0.26275 0.53333 0.82353 0.47059 0.78824 0.80000 0.85490 0.87451 0.89412 0.69412 0.83137 0.60784 0.41961 0.38039 0.41961 0.33725 0.40784 0.41961 0.37647 0.33725 0.39216 0.40392 0.50588 0.80392 0.86667 0.85490 0.85098 0.88235 0.80000 0.85098 0.78824 0.72941 0.76863 0.81569 0.81961 0.81961 0.76863 0.75294 0.79608 0.84314 0.50588 0.50196 0.54902 0.50980 0.55686 0.67451 0.20000 0.19216 0.11373 0.14510 
0.29020 0.27059 0.30980 0.34118 0.38431 0.35294 0.33725 0.33725 0.29412 0.22353 0.22353 0.23922 0.39216 0.87451 0.76078 0.61569 0.52549 0.53333 0.85882 0.88235 0.85490 0.77647 0.74510 0.61569 0.41569 0.39216 0.40392 0.35294 0.55686 0.55686 0.41176 0.43529 0.44314 0.48627 0.62353 0.72941 0.85098 0.82353 0.88235 0.80000 0.87451 0.83137 0.65098 0.48235 0.49804 0.62353 0.72549 0.75686 0.47843 0.78431 0.80392 0.73333 0.72549 0.44706 0.56078 0.53725 0.49804 0.61569 0.14118 0.14510 0.10980 0.14118 
0.30980 0.30196 0.34902 0.33725 0.36863 0.34902 0.35294 0.35294 0.36471 0.25882 0.74902 0.86667 0.58824 0.89412 0.79608 0.64314 0.54118 0.76471 0.76863 0.82745 0.89020 0.69804 0.60000 0.41569 0.30980 0.31373 0.30588 0.34510 0.43529 0.50980 0.36471 0.50588 0.60784 0.69804 0.80392 0.79608 0.85490 0.83137 0.89020 0.82745 0.80000 0.67843 0.52941 0.44706 0.42353 0.44706 0.48235 0.46667 0.43137 0.40000 0.69020 0.66667 0.50196 0.86275 0.79608 0.57255 0.50980 0.56078 0.11373 0.11765 0.10980 0.12549 
0.35686 0.35686 0.38431 0.33333 0.34118 0.32549 0.33333 0.33333 0.29804 0.92941 0.89020 0.83137 0.79608 0.56078 0.67843 0.72157 0.59216 0.43529 0.45882 0.58039 0.92157 0.85490 0.50980 0.41961 0.37647 0.36471 0.32157 0.42353 0.35294 0.57255 0.52941 0.75294 0.69804 0.73725 0.74118 0.82745 0.80392 0.84314 0.85098 0.81176 0.77647 0.55294 0.43137 0.44706 0.42745 0.40392 0.41569 0.39216 0.38431 0.65490 0.82745 0.76078 0.82353 0.87843 0.85490 0.84314 0.58824 0.56863 0.14902 0.13725 0.14118 0.13725 
0.36078 0.33725 0.39608 0.36863 0.38039 0.35294 0.32157 0.30196 0.46667 0.92157 0.85098 0.79216 0.73333 0.55686 0.74510 0.83529 0.70196 0.72549 0.55686 0.52549 0.54510 0.81176 0.45882 0.39216 0.65882 0.39608 0.50588 0.48627 0.47451 0.61569 0.65490 0.65098 0.60000 0.64706 0.72941 0.76078 0.79216 0.78039 0.70588 0.76078 0.59608 0.48235 0.46275 0.43922 0.44706 0.40000 0.41569 0.34510 0.36863 0.81961 0.79216 0.82745 0.79608 0.86667 0.89412 0.82745 0.88235 0.89804 0.26667 0.16863 0.16471 0.12941 
0.40392 0.42353 0.39608 0.43529 0.33725 0.34902 0.62745 0.70980 0.83922 0.74118 0.59608 0.71373 0.67843 0.81961 0.44706 0.81176 0.62745 0.47843 0.50980 0.56863 0.52941 0.41569 0.39608 0.53333 0.33333 0.49804 0.50196 0.38039 0.49020 0.54902 0.52157 0.60784 0.60392 0.48627 0.60000 0.58431 0.63922 0.76471 0.70196 0.69020 0.45490 0.53725 0.52549 0.42353 0.49804 0.30980 0.43137 0.34902 0.41176 0.85098 0.81961 0.82745 0.80392 0.86275 0.89020 0.85490 0.87451 0.86275 0.85490 0.23137 0.16471 0.11765 
0.40784 0.38824 0.47059 0.38824 0.37647 0.72157 0.69412 0.63922 0.70196 0.89804 0.85490 0.52941 0.64706 0.22745 0.65882 0.58039 0.48627 0.40392 0.65490 0.50980 0.48627 0.52941 0.56078 0.51765 0.43922 0.54118 0.47843 0.47451 0.54510 0.49804 0.50588 0.55686 0.59216 0.47451 0.50196 0.49412 0.50196 0.67843 0.69020 0.50588 0.50980 0.37255 0.50588 0.47059 0.31765 0.52941 0.49412 0.38039 0.40784 0.85882 0.83529 0.82353 0.81176 0.85098 0.86275 0.85882 0.91373 0.80000 0.90980 0.95686 0.10588 0.12941 
0.40784 0.47843 0.52157 0.41569 0.40392 0.72157 0.61176 0.67059 0.52549 0.62745 0.47059 0.73725 0.16471 0.18431 0.86667 0.69412 0.58431 0.37647 0.30196 0.60392 0.63529 0.49804 0.57255 0.55294 0.55294 0.48235 0.44314 0.48235 0.47843 0.44314 0.48235 0.47843 0.49020 0.52549 0.44314 0.48627 0.45882 0.50196 0.62745 0.41569 0.38824 0.48627 0.51765 0.41961 0.49412 0.66275 0.39216 0.43529 0.40784 0.83529 0.83137 0.81569 0.82353 0.82745 0.81569 0.84314 0.75294 0.90980 0.86667 0.94118 0.91765 0.20000 
0.41569 0.91373 0.62353 0.46275 0.37647 0.47451 0.56078 0.45098 0.51373 0.48627 0.77255 0.12941 0.12549 0.96471 0.90196 0.63922 0.58824 0.52157 0.31373 0.26667 0.38039 0.61176 0.56471 0.56863 0.43922 0.52157 0.54902 0.42745 0.44706 0.49412 0.40000 0.41569 0.39608 0.46275 0.42353 0.43529 0.45882 0.45490 0.49804 0.48627 0.55686 0.53333 0.41569 0.46667 0.87059 0.83922 0.84314 0.44314 0.54902 0.83529 0.81961 0.79608 0.80392 0.78824 0.77647 0.83137 0.83922 0.87059 0.80784 0.92157 0.92549 0.96078 
0.44706 0.91765 0.66275 0.47843 0.41569 0.42353 0.50588 0.47059 0.52941 0.63922 0.10980 0.14510 0.10196 0.91373 0.93333 0.68235 0.59608 0.74118 0.32157 0.24706 0.34902 0.37255 0.59608 0.62353 0.60784 0.52549 0.58039 0.50980 0.45490 0.52157 0.46275 0.42353 0.40784 0.38431 0.49804 0.44706 0.48235 0.49020 0.32549 0.45490 0.45882 0.42353 0.73333 0.83922 0.83529 0.76863 0.87843 0.44706 0.69804 0.80000 0.75686 0.72549 0.73333 0.71373 0.74118 0.80784 0.81961 0.83137 0.92549 0.91373 0.88627 0.96863 
0.41569 0.45098 0.45490 0.48235 0.47451 0.43529 0.49412 0.76471 0.14902 0.12157 0.09020 0.10196 0.97647 0.94118 0.92941 0.83922 0.70980 0.73725 0.40392 0.27451 0.29412 0.27843 0.34118 0.46667 0.63922 0.50588 0.49804 0.54902 0.43922 0.40392 0.47451 0.40784 0.39216 0.38039 0.46275 0.45490 0.41961 0.42745 0.43922 0.52549 0.84706 0.82745 0.78824 0.70196 0.72549 0.78431 0.65490 0.76078 0.74510 0.72549 0.65882 0.68627 0.71373 0.70588 0.75686 0.81176 0.84706 0.89804 0.89020 0.90588 0.92549 0.83529 
0.20000 0.26275 0.20784 0.29804 0.50196 0.62745 0.55294 0.11765 0.11765 0.08235 0.13725 0.27059 0.89020 0.94118 0.91373 0.89804 0.83922 0.80000 0.27843 0.32941 0.30196 0.29804 0.33333 0.31373 0.36471 0.64314 0.55686 0.51373 0.53333 0.39608 0.41961 0.44706 0.42353 0.50588 0.38824 0.49804 0.39216 0.40784 0.81961 0.81961 0.75686 0.77647 0.61569 0.49020 0.74118 0.65490 0.54118 0.66275 0.72941 0.61961 0.59608 0.69804 0.75686 0.76078 0.81961 0.85098 0.87059 0.90196 0.86275 0.90588 0.92157 0.91765 
0.10196 0.12157 0.14510 0.13725 0.15294 0.15686 0.12941 0.09412 0.08627 0.12549 0.09412 0.47451 0.94902 0.93725 0.92549 0.88235 0.87451 0.80000 0.60784 0.38431 0.25882 0.28235 0.25882 0.25882 0.30588 0.56078 0.53333 0.56471 0.55294 0.52549 0.45098 0.41176 0.39216 0.48627 0.42353 0.39608 0.47451 0.80784 0.70980 0.70196 0.66667 0.44706 0.40784 0.43137 0.42353 0.47451 0.72549 0.64706 0.70196 0.60392 0.67451 0.80000 0.72157 0.81176 0.87059 0.84706 0.86275 0.89804 0.87451 0.91373 0.90196 0.86275 
0.08627 0.10980 0.12941 0.11765 0.12549 0.12549 0.11373 0.09020 0.10196 0.06667 0.10980 0.81569 0.89020 0.91765 0.92941 0.89412 0.87059 0.81961 0.67059 0.44314 0.28627 0.29020 0.27451 0.26275 0.36471 0.56078 0.32157 0.36471 0.52157 0.50980 0.59216 0.51765 0.49804 0.37255 0.49412 0.74118 0.69020 0.60784 0.69804 0.54510 0.59608 0.69804 0.56471 0.40784 0.43529 0.46667 0.42353 0.60392 0.78431 0.71373 0.76863 0.72157 0.73333 0.82745 0.82745 0.83922 0.86667 0.89804 0.88627 0.90980 0.87451 0.86275 
0.07451 0.08627 0.09804 0.08235 0.07059 0.07059 0.07843 0.07451 0.10196 0.07451 0.12941 0.96471 0.87843 0.90588 0.93333 0.90196 0.88627 0.83529 0.74118 0.44314 0.29020 0.27451 0.29412 0.27843 0.67843 0.56863 0.35294 0.34118 0.36471 0.42745 0.64706 0.51373 0.47843 0.60000 0.66667 0.52549 0.57647 0.58431 0.46667 0.46275 0.38039 0.41569 0.40000 0.45882 0.38824 0.55294 0.40000 0.50588 0.59216 0.74118 0.77255 0.76863 0.81961 0.75294 0.87843 0.84706 0.86667 0.90588 0.89412 0.90588 0.85098 0.90196 
0.07451 0.08627 0.09412 0.07451 0.06667 0.06667 0.08627 0.10196 0.12157 0.18039 0.15686 0.83137 0.91373 0.90980 0.93725 0.90588 0.88627 0.83922 0.76471 0.44314 0.31765 0.27451 0.30196 0.27059 0.69412 0.49412 0.41569 0.26275 0.34902 0.40784 0.43529 0.59216 0.50196 0.55294 0.50980 0.52549 0.40000 0.38431 0.41569 0.36471 0.46275 0.40784 0.60392 0.75294 0.45490 0.45490 0.39216 0.39216 0.40392 0.52941 0.77255 0.80000 0.81961 0.85098 0.83529 0.89412 0.87059 0.90588 0.89804 0.89412 0.86275 0.90196 
0.08235 0.08627 0.09020 0.08235 0.06667 0.06667 0.08627 0.12157 0.13333 0.20392 0.19608 0.79216 0.91373 0.91373 0.94118 0.90588 0.87451 0.81569 0.79216 0.50588 0.44706 0.38431 0.38039 0.30980 0.69020 0.32941 0.40784 0.33725 0.29020 0.35686 0.46275 0.51373 0.51373 0.38431 0.42353 0.40784 0.39608 0.40392 0.37647 0.46667 0.70588 0.58824 0.38039 0.45490 0.38824 0.38039 0.39216 0.41961 0.44314 0.50588 0.47843 0.82353 0.81569 0.82745 0.91765 0.86667 0.87451 0.90980 0.89804 0.89020 0.84706 0.70980 
0.07843 0.07451 0.07451 0.07843 0.07451 0.08235 0.10980 0.14902 0.16471 0.16471 0.25490 0.87059 0.87059 0.92549 0.93725 0.92157 0.88627 0.80000 0.75686 0.50588 0.44706 0.41176 0.40000 0.35294 0.60784 0.48627 0.32549 0.32157 0.39608 0.34902 0.42745 0.46275 0.40000 0.45882 0.38039 0.38039 0.47451 0.34510 0.69804 0.36078 0.36078 0.46667 0.35294 0.35294 0.38824 0.35686 0.39608 0.41176 0.54118 0.39216 0.47059 0.82353 0.77647 0.88627 0.88235 0.90196 0.87843 0.91373 0.91373 0.90980 0.85490 0.40784 
0.10588 0.08627 0.08235 0.10588 0.10980 0.12549 0.14510 0.18039 0.18824 0.18431 0.27451 0.63922 0.83922 0.91373 0.92157 0.92157 0.88627 0.80392 0.76078 0.58824 0.55686 0.53333 0.50588 0.49804 0.48627 0.43922 0.32941 0.36078 0.33333 0.41176 0.52157 0.38431 0.39216 0.41961 0.49412 0.36078 0.61176 0.39608 0.39216 0.38431 0.46667 0.42353 0.38431 0.39608 0.38431 0.44314 0.44314 0.33725 0.46275 0.45098 0.38431 0.81569 0.84314 0.83137 0.90980 0.89804 0.87451 0.90196 0.89804 0.92549 0.88627 0.17647 
0.11765 0.09412 0.09020 0.12157 0.14118 0.16078 0.17647 0.20784 0.20784 0.27059 0.27059 0.24314 0.85882 0.91765 0.90588 0.92549 0.86275 0.84706 0.83922 0.79216 0.69412 0.64314 0.56078 0.53333 0.45098 0.54902 0.51373 0.38039 0.34118 0.51373 0.45882 0.41176 0.63922 0.36863 0.57255 0.41176 0.37255 0.35686 0.32157 0.37255 0.38039 0.32157 0.38431 0.41176 0.34118 0.40784 0.37255 0.43529 0.52549 0.43922 0.34510 0.70588 0.87059 0.87059 0.88235 0.88627 0.87451 0.89412 0.88235 0.93333 0.94510 0.10980 
0.16078 0.14118 0.14510 0.16471 0.17647 0.18039 0.16863 0.18039 0.20392 0.27843 0.23137 0.21569 0.91765 0.85098 0.96471 0.91765 0.91373 0.87843 0.84314 0.79608 0.80000 0.80392 0.68235 0.46275 0.46667 0.53725 0.52157 0.61569 0.62745 0.69804 0.66275 0.55686 0.55294 0.54118 0.54510 0.42745 0.43137 0.40784 0.45490 0.45098 0.43922 0.40392 0.43922 0.36471 0.37647 0.44314 0.40392 0.41569 0.45490 0.47059 0.38824 0.42353 0.85882 0.85882 0.85490 0.84706 0.85490 0.84314 0.87451 0.84706 0.52157 0.14510 
0.20784 0.19216 0.19216 0.21569 0.22745 0.23137 0.21569 0.23137 0.26667 0.22353 0.29020 0.30980 0.74902 0.94510 0.94118 0.86275 0.85098 0.85490 0.86667 0.83922 0.81961 0.81961 0.73333 0.55686 0.46667 0.53725 0.65098 0.67059 0.77647 0.71765 0.66275 0.64706 0.58824 0.55294 0.49020 0.47451 0.48627 0.51373 0.46667 0.42353 0.38039 0.38824 0.37647 0.40000 0.43922 0.44706 0.43529 0.39608 0.41961 0.40000 0.60000 0.32549 0.83529 0.89804 0.87059 0.83137 0.74118 0.92549 0.86667 0.50588 0.15686 0.09020 
0.22745 0.21176 0.21176 0.23137 0.24314 0.24706 0.23137 0.24314 0.21176 0.27843 0.24314 0.26667 0.21176 0.90588 0.95294 0.92549 0.83922 0.86667 0.89412 0.87059 0.83529 0.83529 0.79216 0.68235 0.74902 0.74902 0.77647 0.72941 0.79216 0.65882 0.50196 0.62745 0.65882 0.70196 0.66275 0.65098 0.49804 0.48627 0.41569 0.43922 0.45882 0.47843 0.38039 0.41961 0.41569 0.36863 0.43137 0.39216 0.43922 0.42353 0.54902 0.73333 0.90980 0.83137 0.87843 0.86275 0.94510 0.54902 0.14118 0.03529 0.04706 0.08235 
0.24706 0.23137 0.23529 0.25490 0.26275 0.25882 0.23922 0.25098 0.24706 0.22353 0.25490 0.14510 0.27059 0.83922 0.97647 0.85490 0.90588 0.90980 0.90588 0.87451 0.81961 0.82745 0.82353 0.78039 0.75686 0.70980 0.73333 0.74510 0.72157 0.72941 0.58431 0.76078 0.73333 0.69020 0.57255 0.51765 0.46667 0.51373 0.49804 0.51373 0.43529 0.43529 0.38039 0.39608 0.37647 0.36078 0.46275 0.52941 0.68235 0.52941 0.45490 0.74118 0.89804 0.89020 0.84314 0.78431 0.25882 0.16863 0.12549 0.16078 0.11765 0.03137 
0.27059 0.25490 0.25490 0.27059 0.27843 0.26667 0.25098 0.25882 0.23922 0.22745 0.18431 0.26275 0.18039 0.87451 0.85882 0.94118 0.92549 0.91765 0.91373 0.88627 0.83137 0.83137 0.84314 0.80000 0.84314 0.72941 0.81961 0.82745 0.68627 0.72549 0.58431 0.62745 0.65098 0.61176 0.58431 0.54118 0.55686 0.50588 0.48235 0.43922 0.48627 0.42353 0.45490 0.44314 0.44706 0.49412 0.50588 0.60392 0.66275 0.77647 0.47843 0.50980 0.87843 0.84314 0.80784 0.15686 0.07843 0.09804 0.07843 0.04706 0.04706 0.09020 
0.28235 0.26667 0.26667 0.27843 0.27843 0.26275 0.24314 0.24314 0.20392 0.16471 0.29804 0.11765 0.17255 0.88235 0.88235 0.95686 0.92157 0.91373 0.90980 0.90980 0.88235 0.87059 0.86275 0.81961 0.84314 0.69804 0.85882 0.82745 0.78039 0.76471 0.77647 0.69412 0.62745 0.65882 0.74902 0.73333 0.73333 0.61176 0.57647 0.52549 0.54902 0.41176 0.41961 0.39608 0.46275 0.60000 0.57647 0.65098 0.63137 0.89412 0.87843 0.58824 0.75686 0.69020 0.10196 0.09412 0.12941 0.09804 0.07843 0.09412 0.07843 0.05490 
0.27843 0.25882 0.25882 0.26667 0.25490 0.23529 0.21569 0.21569 0.19216 0.20784 0.19608 0.18824 0.23137 0.87059 0.94510 0.80000 0.90980 0.89020 0.90588 0.91373 0.90196 0.89020 0.88627 0.85490 0.88627 0.79216 0.87843 0.85098 0.83137 0.77647 0.83922 0.80784 0.82745 0.77255 0.73333 0.78039 0.85882 0.87843 0.86275 0.83137 0.60000 0.50980 0.44314 0.42745 0.51765 0.67059 0.73333 0.76863 0.90196 0.78431 0.83137 0.81961 0.15294 0.14902 0.13333 0.13725 0.12157 0.12549 0.08235 0.04706 0.06275 0.11765 
0.28627 0.26667 0.26275 0.27059 0.25490 0.23137 0.21176 0.20784 0.16863 0.17255 0.17255 0.17255 0.15294 0.12549 0.92157 0.87843 0.91373 0.89020 0.90196 0.90980 0.89412 0.89020 0.90588 0.90588 0.86667 0.89412 0.84706 0.90196 0.86275 0.82353 0.80392 0.85882 0.83529 0.85098 0.84706 0.89804 0.89412 0.91373 0.88235 0.90588 0.89412 0.90196 0.82745 0.80784 0.81569 0.81961 0.90588 0.87451 0.86275 0.82353 0.55294 0.24706 0.11765 0.16078 0.12157 0.13333 0.12157 0.12157 0.13333 0.14902 0.12157 0.09020 
0.29020 0.24706 0.21569 0.21961 0.23137 0.22353 0.20784 0.20000 0.18039 0.21961 0.11765 0.15294 0.13333 0.23922 0.75294 0.90196 0.86667 0.88627 0.86667 0.70980 0.92549 0.81569 0.89804 0.90588 0.88627 0.91373 0.90588 0.88235 0.89020 0.88235 0.87059 0.88627 0.88235 0.87451 0.90588 0.85882 0.87451 0.91765 0.88235 0.94902 0.92941 0.77647 0.81961 0.84314 0.83529 0.88627 0.83922 0.87059 0.21569 0.19216 0.15686 0.13333 0.11373 0.12941 0.14118 0.16078 0.15686 0.15294 0.14510 0.14510 0.14510 0.14118 
0.26667 0.22353 0.18824 0.19608 0.20784 0.20784 0.19608 0.19216 0.20392 0.06275 0.22745 0.21569 0.19608 0.09020 0.12941 0.80784 0.85882 0.78824 0.91373 0.89020 0.65882 0.93333 0.93333 0.86275 0.83922 0.89804 0.90588 0.89020 0.90588 0.91373 0.89804 0.87059 0.89804 0.90980 0.92941 0.89804 0.89412 0.90980 0.89412 0.92941 0.75686 0.89412 0.70588 0.74118 0.85882 0.92157 0.88627 0.38824 0.18431 0.16863 0.14510 0.13333 0.12549 0.15686 0.18039 0.20392 0.20392 0.19608 0.17647 0.16471 0.16078 0.15686 
0.24314 0.20392 0.17255 0.18039 0.19216 0.19608 0.19608 0.19608 0.21176 0.13725 0.18039 0.13333 0.13333 0.17647 0.14510 0.15294 0.71765 0.85490 0.75294 0.74510 0.52549 0.81176 0.81176 0.93333 0.90196 0.92549 0.92157 0.89020 0.87059 0.87451 0.88627 0.89804 0.88235 0.91373 0.87843 0.86275 0.89804 0.90980 0.88627 0.82745 0.72941 0.69804 0.87843 0.78824 0.86275 0.91765 0.41569 0.18431 0.13725 0.12549 0.11373 0.11373 0.12941 0.16471 0.19608 0.21961 0.22745 0.21569 0.19608 0.18039 0.17647 0.17255 
0.21569 0.18824 0.17255 0.19216 0.20392 0.20000 0.19608 0.19608 0.17255 0.23922 0.12941 0.20000 0.13333 0.07451 0.25882 0.01961 0.09804 0.15686 0.11373 0.24314 0.14510 0.56078 0.92549 0.89804 0.92549 0.85882 0.85490 0.90588 0.91765 0.90196 0.89020 0.88235 0.81176 0.88235 0.84314 0.88627 0.90588 0.74902 0.52549 0.24706 0.22353 0.16078 0.14510 0.65490 0.74510 0.26667 0.18824 0.28235 0.14510 0.13333 0.12157 0.11765 0.12941 0.16078 0.18824 0.21176 0.21569 0.21176 0.20392 0.18824 0.18039 0.17647 
0.19608 0.18431 0.18039 0.20392 0.21176 0.20000 0.18824 0.18431 0.16471 0.20784 0.20000 0.14902 0.17647 0.10588 0.06275 0.20392 0.11765 0.14902 0.10980 0.17255 0.09020 0.67451 0.89412 0.94510 0.91373 0.88235 0.87843 0.86667 0.82353 0.83922 0.84706 0.78824 0.90588 0.76863 0.37255 0.14510 0.09020 0.08235 0.12941 0.07451 0.13725 0.18039 0.20000 0.13333 0.20784 0.26667 0.13333 0.10588 0.13725 0.12549 0.11765 0.10980 0.12549 0.15294 0.17647 0.20000 0.21176 0.21961 0.21961 0.20392 0.18824 0.16863 
0.20000 0.18824 0.18824 0.20784 0.21176 0.19608 0.18431 0.18431 0.21961 0.16471 0.20784 0.09412 0.14510 0.23529 0.10588 0.09804 0.08235 0.08235 0.07059 0.10196 0.23137 0.04314 0.93333 0.91765 0.90196 0.88627 0.88235 0.86275 0.86667 0.89412 0.66667 0.28235 0.07451 0.11373 0.05882 0.04314 0.07451 0.08235 0.11765 0.13333 0.18039 0.15294 0.13725 0.13333 0.18431 0.20784 0.17647 0.20392 0.12157 0.10980 0.10196 0.09412 0.10588 0.12549 0.14902 0.16863 0.19608 0.20392 0.20784 0.18824 0.16078 0.12941 
0.22353 0.20784 0.19608 0.20784 0.20392 0.18824 0.18824 0.19608 0.23529 0.14510 0.17255 0.23529 0.12549 0.07451 0.14118 0.07843 0.08235 0.12941 0.11373 0.12157 0.08627 0.20000 0.12549 0.88627 0.91373 0.94118 0.89804 0.58824 0.20000 0.10588 0.13725 0.07451 0.08627 0.08627 0.10196 0.07451 0.08235 0.08235 0.07059 0.15294 0.07059 0.12157 0.11765 0.17647 0.16078 0.12941 0.18039 0.12157 0.11373 0.09804 0.09412 0.07843 0.09020 0.10196 0.12157 0.13725 0.15686 0.16863 0.17255 0.15686 0.12549 0.09804 
0.26275 0.23922 0.21569 0.21569 0.20784 0.20000 0.20784 0.22353 0.19608 0.26275 0.20392 0.13725 0.16863 0.14902 0.09804 0.08627 0.06667 0.09020 0.11373 0.09412 0.12157 0.18039 0.09020 0.20784 0.18039 0.11765 0.18039 0.21176 0.09804 0.07843 0.12941 0.10196 0.09020 0.02353 0.04706 0.03922 0.09020 0.11373 0.04314 0.12549 0.12941 0.07451 0.12157 0.13333 0.12549 0.18039 0.16471 0.09412 0.12157 0.10196 0.09020 0.07451 0.07059 0.07451 0.09020 0.09804 0.10196 0.11373 0.11765 0.10196 0.08235 0.07059 
